Post

 

202 10κ
20.

30.

40.

ν 50.
21. Ο.
10.
20.

30.
40.
⁴ Δ50.
22. 0.
10.
20.
30.
40.
50.
23. 0.
10.
20.
30.
40.
50.
24. 0.
10.
20.
30.

40.
50.

 

 

 

 

 

25ἏΆΟ.

0,39691014

l

0‚40005307

 

-- (157) ===

 

. . . . Partes Meridiani
Elevano PartesMemdmm

circularis

6878734
7189795
7501210
7812967
8125079
8437543
8759365
9963548

9377093

0319972
0635017
0950451
1260204.
1582465

1899964
2216059

2533459
2851261

 

3169472
3488103
3807145

4126606

4446499
4766802

 

024503754*l

. 0535947572
. 6257627
6568012 «

elliptici

fi mfioaxmn11’2361229

 

 

Ο,35648336
5956021
6264038

’ 6572394
6881096

ἡ.

7190147
7499547
7899394
8119416
8429888
8740724 ’
9951924
9363594
9675458
0⁷39987786

0,40300498
0613602

 

0927087 .
1240963
Ι555239
1869915
2184999 Δ
2500487
281638ἐ-“
3132711
3449449
3766608
4084193
4402209

——.-

V's

 

Correffim

fi ratio axium -ῑ 20οε 199

0700044790
5146
5500
5854

6209
6562
6916

7269

7621

7973

8325

8676

9027

9378
0,00049727
0,00050077
ι0427

0775

1124

1471

1819

2166

2513

-Φ
2859
3205
3551
3895
4240
4533

 

 

 

 

9599954917

ΔΕἱε-

