*ffv== (155) -”··

· ElevatioJPartesMeridie-m

Pon

 

102 10ss
20.

30.
40.
50.

 

11. 0.
10.
20.
30.
40.

50.

’.ᾕ-

12. Ο.

10.
2Q
3Q
4Q
50.

 

13. 0.
10.
20.
30.
40.
50.
14. 0.
10.
20.
30.

 

40.
50.
15& 0

 

 

 

cirCUYaris

071783828:

813363 6

9494
872 532 7
992 14 3
931] »ξφ
9614977

0,199106o4
0‚20207423

05043cio

0801472

10987 68
1396249
1693915
1991769
2289815
2588056
2886498

3185139
3483988
3783033
4082293
4331762
4681448
4981351
5281471
5581818
5882888
6183191

². 0726454227

 

 

³

 

Partes Meridi ani J

 

 

Con-e&50

elliptici ,Ἤρ ratio axium: 200.199

fi ratio axium ·“ 2;.30 9 ἡ

 

0,ι7υ848 64. “ ι,0002;9;0

 

 

 

  

 

 

 

 

 

 

 

 

 

797s9 ·3 3292
827Ξ268 3664
8504709 4035
885 4406
915 081 4777
9446922 5148
0³19740132 5519
0220034418 5389
032 8880 6259
062352 0 6629
0918346 7000
1213358 7369
1508556 7733
1803944 8107
2099526 8477
2395304 8845
2691285 9213
2987466 9581
3283852 0‚00029949
3580446 0‚00030317
3877252 0685
4174268 1052
4471503 1419
4768957 1786
5066629 2152
5364539 2518
5662656 2884
5961017 3250
0,;6259613 0700033616
V.2 Isse-

