-.== (164) Ξ

 

 

 

 

 

 

 

 

 

 

 

 

 

 

 

 

 

 

 

 

 

 

ΕΙενιιείοῘΡιιτῐεεΜοτίἀίιιηί Partes Me.ri.di²¹ni 4. ,ἶςεῗηεὲἰα ,
poli Chemmis stratio 21226115221306229 trano 311ιυὶ- 2οο.ῐ99

55ἦ104 1,15931662- Ι,15218067“- 0,00107012

20· 6441994 5726952 7236

36· 6954479 ·6237996 7447

40. 7469139 6751221 7⁶⁶3
56· 7985994 7266647 7879--

56. 0. 8505062- 7784291 8093

16· 9626385 8364198 3366

20. 1‚19549974 4 8826376 8518

30· Ι»20075853 935085Ι 8730

40. 0604042 1, 19877641 8940

50. 11345 80 1¹> 20400787 9151

57. 0.v 1667480- 0938301 ι 9360

10. 2202781 1472222 9568

26 2746499 2668566 9775

30. 3280650 2547349 0‚00109980

40. 3823278 3088617 0‚00110187

50. 4368422 3632465 6396

58. §.2 4916077 4178711 0594

10·² 5466277 472 7568 0796

20. 60190 070 52 7902 4 0997

30· 6574477 4 5833161 1198

40· 7132 -25 7 638982 7 Ι397
5<— 7693 253 69492 35 1522—-

59. αἱ 82 5 068 2 7511353 1794

10·¹ 8822836 8 76202 1990

‚,. 9391772 8643839 2186

36·11429963495 9214269 2380

4ῖ·41 3 538646 17 29787534 2575
56.4 1115 470 41306 ,636768 *4 279-7ῤ

6 ³ 0.4 1⁷ 316957 90 4 1430942772 5 4 0,00112960

Ele·

