.- (1⁶8) .—

 

 

Partes Meridiani Correstio.

Elevatio PartesMeridiani . .. - - -
efl1pn01 firanoamunx-.200:199

 

 

 

 

 

 

 

 

 

 

 

 

 

 

 

 

 

P⁰l¹ mmmm-is fi ratio axium z 230: 229 ῃ
75ἢ1οί 2,03888994 2,03047957 0,00126234
16- 5631536 4189845 6331
36· 6186834 5344568 6418
40. 7355202 6512243 6525
56- 8536951 7693366 6619
76. 0. 2,09732400 2,08888195 6712
10. 2,10941878 2,10097061 6805
20. 2165728 1320306 6896
36. 3464365 1558135 6986
46· 4657979 3811369 7676
56. 5917147- 5679953 7163
77. 0.v 7212185 6364415 725Γη
10. 8513520 7665182 7337
20. 2,19831578 2‚18982678 7421
30. 2,21166797 2,20317342 7505
40. 2519663 1669661 7588
50. 3890650 3040108 7669
78· 0· 5186168 4419193 7749
10. 6689029 5837429 7829
20.1 8117484 7165366 7908
30. 2, 29566209 2, 28713580 7985
40. 2‚31035791 2‚3018265g 8061
50. 2526860 1673230 8136
79. 0. 4040071 3185952 8210
10. 5576092 4721491 8183
20. 7135643 6186567 8354
36- 1,38719476 7863917 8415
40· 2,40328354 2‚39472351 8495
50. 1963111 2,41106655 8563
8οἦ 02 2,43624005 2,42767703 0,00128⁶30

Ele-

