 

Elevatio Partes Meridiani

Pon

802104
20.
30.
40.
50.

81· 0.
10.
20.
30.
40.
50·

82. 0.
10.
20·

30.
40.
50.
83. 0.
10.
20.
30.
40.
50.
84. 0.
10.
20.

30.
40.

 

 

 

 

 

———-——

85 0·

 

circularis

2,453ι3738“

7031457
2,48778767
2,50556721

2366423

4209042

608582 7

7998066
2959947Ῑ50
2261934557

6030619
2968142665
2270299858

2504180

4757755

7062852
2,8183752 6

4312502

6849869
2789452850

2792124961

4870022
2,97692123
3400595750

3585780

666752 6

3,Ο9846849

-—-—-———- --ae-——ss

. 3‚13130131

3961842

 

 

¹

2791259328
-÷————-———

———

 

2751507402

Partes Meridiani

elliptici

fitnfioaxmn111230:229

2>44456393

6173686

7920572
2,49698169

 

3349619
522 6010
7137861
2959056565
2‚61073600
3100519

5168939
7286634
2 69437484
2271641470
3894716
6199492
278558231
2,30973545
3448222
5985297
2958587994-

 

 

4004619
6826453
2,99729829
3,02719612

Noua Acta Acaa. Imp. Sc. T. V111.

(169) =====

 

Correffio

fi ratio axium z 200 z 199

...-

 

0,00128697
8762
8826
8888
8950
9011
9071
9¹29

—

 

9186
9243
9⁶97
9353
9405
9457
9508

9557
9606

9053
Ι 9699
9745
9789
9832
9874
¹ 9915
9955
, 09C0129992
0200130031

 

 

 

 

 

066

101
1 0220130153—-
⁴Y Isse·

