ElevatiOVPartes Meridiani
circularis

Pon

 

452 10<
20.
30.
40.

 

 

 

 

 

46. 0. 0627557 0‚90002467
10. 1046933 0420085
20. 1467586 08:38984
30· 1889523 1259173
40. 2312760 1680668
50· 273730ffl- 2103474
47. 0. 3163161 2527599
10· 359035Ι 2953063
20. 4018885 3379875
30· 4448773 3808048
40. 4880031 4237595
50. 5312660 4668519
48. 0. 5746685 5100344
10. 6182115 5534580
20. 6618964 5969740
30· 705704Ι 6406334
40· 7496962 6344377
50· 7938138 7283880
49. 0. 8380785 7724800
10. 8824919 8167333
20. 9270545 8611303
30. 0‚99717688 9056'796
40. 1,00166353 9503816
50. 0616553 0,99952382
ςψζ 0211,01οο8318 Ι 1,00402509

 

Ο588549337

8962521
9376924

ο,39792557
50·-0,90209434

Partes Meridiani
elliptici
, fi ratio axium ἶ 23οε229

 

(1⁶2) ==

0987933119

 

 

8344518
8757142
9171000

0,89586108

 

 

Correffio.

fi ratio axium -· 290: 199

0,00092356

 

2625

2893
3159
3425

3690
3955
4218
4481
4744
5004
52⁶5

5525
5784
6043
6300
6556
6812
7067
7321

7574
7827
8078

8328

8579
8828

9076
9324
9570

 

0,00099817

lile-

