——(153)··--

 

 

 

 

 

 

 

 

 

 

 

 

 

 

 

 

 

 

 

 

 

 

 

 

 

 

 

 

 

 

 

 

 

 

 

Elevatio Partes Meridiani Parteslleerdmm fi rat-{0 fifflflefhz‘go, Ι
Pon Circularis stratioae2111l151nf2302229 ·-— · 99
0⁰. 107.> ὃ,0’0290889 0500288305 0,00000378
20. 0581780 0576732 0755
30. 0872676 0865104 1133
40. 1163579 1153484 1511
50. 1454491 1441871 1888
ἰ. 0. 1745418 1730275 2266
10. 2036358 2018691 2643
20. 2327316 2307126 3021
30- 2618294 259558Ι 3399
40· 2909292 2884056 3776
50. 3200316 3172557 4153
2. 0. 3491368 3461086 4530
10. 3782448 3749644 4908
20· 407356Ι 4038235 5236
30. 4364708 4326860 5663
40· 4655893 4615523 Ι 6039
50. 4947116 4904226 6418
3. 0. 5238381 5192970 6795
10. 5529691 5481760 7172
20. 5821050 5770599 7549
30· 6112454 6059483 7925
40- 6403913 6348423 8303
50. 6695425- 6637417 8680
4. 0. 6989995 6926469 9057
10· 7278622 7215578 9434
20. 7570313 7504751 0,00009809
30. 7562069 7793991 0, 00010187
40. 8153890 8083296 0563
50,7 8145781 8372671 0929
50. 021 ἢεί-,787744 Ι 0,08662119 0,0001131ο

 

 

 

 

 

Noua Αῐια Acaa. Imp. Sc. Ἰ. VIII.v V Ele·

